2.616495351050065
2.562683908263243
6.507508015467768
7.535160690276852
6.430348746483632
2.669614248074708
2.505905977798135
2.679707178369482
2.526406852881723
7.587167328869064
6.355382846066067
2.429883465431709
2.624598212043782
2.436102300498644
2.557735021877161
3.463997037428843
7.486442370553351
6.365066151961482
7.37295501037166
2.598457027292525
2.495511938617114
2.420105548332889
2.423482757121248
2.586173489732419
2.494377487564102
2.55134781736743
-6.460331913406417
-6.424378102971451
-7.45995139768089
-7.634138072237858
-7.462495897630389
-3.387483818212497
-2.42713584082261
-3.737745429376544
-3.52737824157439
-7.53229399212045
-7.468201208434926
-6.55111722077807
-7.500204134534943
-6.339348903888077
-6.415235136549907
-6.473189918809842
2.407651091421592
2.49295006122213
2.514789135101475
3.444290635775872
2.466329430099715
3.541522746272316
2.655781353712321
2.255570110213444
2.390180461220067
2.612264785794487
6.558166725804528
2.472864570447525
2.541419130722951
6.40221857725386
7.397853382613385
6.531768797985205
6.651610779815003
7.574943245258826
7.449229961333036
6.588529944819151
7.475190644676276
7.427375100025792
6.455495969900384
6.438708887966157
7.479085591540636
7.556214783445036
7.393607711211896
7.535158894837982
7.613299992600868
6.514999424800773
6.570314405324747
2.494758841500131
2.701849612400777
2.592415940489317
2.318588529714876
2.503497332028517
3.319213793967875
2.602819254604578
2.539460030881193
2.563940564208852
3.587421289486361
2.675240173032956
2.467994917356786
-6.513741380814487
-2.438423037191328
-2.40221059301548
-7.611534771220514
-2.555002144880449
-2.49601151471542
-2.748284251425654
-7.38413452947521
-7.602627946669326
-6.384651301176207
7.421354338697978
7.563480858796193
6.582040976153206
7.48239734895444
7.55624738746463
6.487255712460451
6.555417156097831
6.390265568077836
6.42686985999252
7.640473191961681
6.43797857905242
7.523714876500874
-2.658684699003103
-6.540148480980036
-6.577069226892394
-6.526268050606651
-7.402351045634003
-7.402218495887072
-6.382997888973494
-2.484068913758458
-2.450047914853547
-2.605537507065933
7.454925679718482
6.627037824216998
7.589869360092304
2.543870509786083
2.3752655683598
2.53246669169361
7.539007041009046
6.459486168322639
7.529231487728345
7.756591024212381
7.454218435641963
6.338917298571084
6.23304762175891
6.424030335148618
7.432527914356807
7.382831280546645
2.703293001615521
2.596848104796446
7.567029199696923
2.542014604165179
7.212724873033148
7.668587408040699
7.5027924553524
7.409796941877179
6.29467425084738
6.508908629767546
7.708709913164975
7.536511846031068
7.584610552616648
7.481546234292447
6.603071442386955
6.347237734757062
7.596493895920911
6.552616250335753
7.481554588260419
7.519878282830927
-3.340957316005361
-3.496780836010124
7.588916367141216
2.370084751008319
2.618257310435709
7.681747170621213
7.441569787014012
2.398932618344766
6.403950168750022
7.569115958439809
7.424138179298615
7.490302826724469
2.359305095498256
3.603081245622456
2.424012559598918
2.587412722508796
2.576112699506012
-7.516592345484567
-3.469909256263545
-3.532246732735937
-7.53684112848345
-3.385210472267013
-2.495856973965841
-2.60980496536524
-2.34332762544049
-3.604842344829233
-6.4577276315321
-6.584441437820357
6.468837024380012
7.539781048395479
6.604978596179258
7.465920443737144
2.533629699943512
2.477863921771549
2.501664949388537
2.380763876021531
-6.513164629665323
-7.351247569734867
2.41631787693249
2.369901809721664
2.657413185505183
3.616603996393892
2.578642969490637
2.35383612453356
2.65544659179464
2.440246461613639
2.378943212680765
